88,4
88,3
88,2
88,1
4294967294,152
4294967294,1446
4294967279,400
87,9
87,8
87,7
87,6
87,5
87,4
87,3
87,2
87,1
4294967294,1454
86,7
4294967294,1453
86,6
86,5
86,4
86,3
86,2
86,1
4294967294,494
4294967294,413
85,10
85,9
85,8
85,7
85,6
85,5
85,4
85,3
85,2
85,1
84,5
84,4
84,3
84,2
84,1
4294967294,1450
83,13
83,12
83,11
4294967294,1434
83,10
83,9
83,8
83,7
83,6
83,5
83,4
83,3
83,2
83,1
4294967294,1452
82,9
82,8
4294967294,493
82,7
82,6
4294967294,1438
82,5
82,4
82,3
82,2
82,1
81,5
81,4
81,3
81,2
81,1
80,8
80,7
80,6
80,5
80,4
80,3
80,2
80,1
79,8
79,7
79,6
79,5
79,4
79,3
79,2
79,1
4294967279,399
78,6
78,5
78,4
78,3
78,2
78,1
77,10
4294967294,1439
77,9
77,8
77,7
4294967294,1451
4294967294,492
77,6
4294967294,1449
4294967294,1448
77,5
77,4
77,3
77,2
77,1
76,13
76,12
76,11
76,10
76,9
4294967278,334
76,8
76,7
76,6
76,5
76,4
76,3
76,2
76,1
75,7
75,6
4294967279,398
4294967279,397
75,5
75,4
75,3
75,2
75,1
4294967278,333
4294967279,396
74,9
4294967294,1426
74,8
74,7
74,6
4294967279,395
74,5
74,4
74,3
74,2
74,1
4294967278,332
4294967279,394
73,5
73,4
73,3
73,2
73,1
4294967294,1419
72,6
72,5
72,4
72,3
72,2
72,1
71,6
71,5
71,4
71,3
71,2
71,1
4294967294,1447
4294967294,206
70,8
4294967294,1445
70,7
70,6
70,5
70,4
70,3
70,2
70,1
69,12
69,11
69,10
4294967279,393
69,9
69,8
69,7
69,6
69,5
69,4
69,3
69,2
69,1
4294967294,1444
68,10
4294967294,1443
68,9
68,8
68,7
68,6
4294967294,1442
68,5
68,4
68,3
68,2
68,1
67,7
67,6
67,5
67,4
67,3
67,2
67,1
66,5
66,4
66,3
66,2
66,1
65,8
65,7
65,6
65,5
65,4
65,3
65,2
65,1
4294967278,331
64,5
64,4
64,3
64,2
64,1
4294967278,330
63,5
63,4
63,3
63,2
63,1
4294967278,329
62,5
62,4
62,3
62,2
62,1
61,15
4294967294,1413
61,14
61,13
61,12
4294967279,392
61,11
61,10
61,9
4294967294,1441
61,8
4294967278,328
61,7
61,6
61,5
61,4
61,3
61,2
61,1
4294967294,1437
60,5
60,4
60,3
60,2
60,1
4294967294,1436
59,7
59,6
4294967294,186
59,5
59,4
59,3
59,2
59,1
58,13
58,12
58,11
58,10
58,9
4294967294,1440
4294967294,491
58,8
58,7
58,6
4294967294,490
58,5
58,4
58,3
58,2
58,1
57,6
57,5
57,4
57,3
57,2
57,1
56,6
56,5
56,4
56,3
56,2
56,1
55,5
55,4
55,3
55,2
55,1
54,8
54,7
4294967278,327
54,6
4294967278,326
54,5
54,4
54,3
54,2
54,1
4294967278,325
4294967278,324
53,5
53,4
53,3
53,2
53,1
52,9
52,8
52,7
52,6
52,5
52,4
52,3
52,2
52,1
51,7
51,6
51,5
51,4
51,3
51,2
51,1
50,7
4294967279,391
50,6
50,5
50,4
50,3
50,2
50,1
49,4
49,3
49,2
49,1
48,6
4294967294,489
4294967294,1435
48,5
48,4
48,3
48,2
48,1
47,7
47,6
47,5
47,4
47,3
47,2
47,1
4294967278,323
46,6
46,5
46,4
46,3
46,2
46,1
45,11
45,10
4294967294,1433
4294967294,52
4294967279,390
4294967278,322
45,9
45,8
45,7
45,6
4294967278,321
4294967278,320
45,5
45,4
45,3
45,2
45,1
44,5
44,4
44,3
44,2
44,1
43,8
43,7
4294967279,389
4294967278,575
4294967278,574
43,6
4294967294,1432
4294967279,388
43,5
43,4
43,3
43,2
43,1
4294967278,573
4294967294,1431
4294967294,1430
4294967279,387
42,5
42,4
42,3
42,2
42,1
4294967278,572
4294967294,488
4294967279,386
4294967279,385
41,7
4294967278,571
41,6
4294967279,384
41,5
41,4
41,3
41,2
41,1
4294967294,1423
4294967278,570
40,6
4294967294,487
4294967279,383
40,5
40,4
40,3
40,2
40,1
39,4
39,3
39,2
39,1
38,6
38,5
38,4
38,3
38,2
38,1
37,5
37,4
37,3
37,2
37,1
36,6
4294967279,382
4294967278,569
36,5
36,4
36,3
36,2
36,1
35,6
4294967294,1429
4294967279,381
35,5
35,4
35,3
35,2
35,1
34,6
34,5
34,4
34,3
34,2
34,1
33,5
33,4
33,3
33,2
33,1
4294967294,486
4294967278,568
32,8
32,7
32,6
32,5
32,4
32,3
32,2
32,1
4294967278,567
4294967279,380
31,7
31,6
4294967294,1428
31,5
31,4
31,3
31,2
31,1
30,4
30,3
30,2
30,1
4294967279,379
29,7
4294967279,378
29,6
29,5
29,4
29,3
29,2
29,1
28,6
28,5
28,4
28,3
28,2
28,1
4294967279,377
27,6
4294967279,376
27,5
27,4
27,3
27,2
27,1
26,5
26,4
26,3
26,2
26,1
25,19
25,18
25,17
4294967278,566
25,16
4294967279,375
25,15
4294967278,565
